********************************************************************************************************
| AMT820 [CDIMM Handler] :                                                                             |
| Thread Step Info File                                                                                |
| DIVISION  : AMT Coporation                                                                           |
| File Name : C:\AMT820\Alarm\Step_back                                                                |
| Save Time : 2017/04/20 22:42:28                                                                      |
********************************************************************************************************
+==========================+=============================================================================================================================+
|  Step Trace              |                                                    History                                                                  |
+==========================+=============================================================================================================================+
|  Step 00 Change LastDate |                                                                                                                             |
+--------------------------+-----------------------------------------------------------------------------------------------------------------------------+
|  Step 00 History         |                                                                                                                             |
+--------------------------+-----------------------------------------------------------------------------------------------------------------------------+
|  Step 01 Change LastDate |                                                                                                                             |
+--------------------------+-----------------------------------------------------------------------------------------------------------------------------+
|  Step 01 History         |                                                                                                                             |
+--------------------------+-----------------------------------------------------------------------------------------------------------------------------+
|  Step 02 Change LastDate |                                                                                                                             |
+--------------------------+-----------------------------------------------------------------------------------------------------------------------------+
|  Step 02 History         |                                                                                                                             |
+--------------------------+-----------------------------------------------------------------------------------------------------------------------------+
|  Step 03 Change LastDate |                                                                                                           17/04/20 21:33:22 |
+--------------------------+-----------------------------------------------------------------------------------------------------------------------------+
|  Step 03 History         |00010,00100,00200,00300,00400,00500,01000,02000,03000,03100,04000,05000,01000,02000,03000,03100,04000,05000,01000,02000,03000|
|                          |03100,04000,05000,01000,02000,03000,03100,04000,05000,01000,02000,03000,03100,04000,05000,01000,02000,03000,03100,04000,05000|
|                          |01000,
+--------------------------+-----------------------------------------------------------------------------------------------------------------------------+
|  Step 04 Change LastDate |                                                                                                           17/04/20 21:33:22 |
+--------------------------+-----------------------------------------------------------------------------------------------------------------------------+
|  Step 04 before History  |03200,03210,03300,03310,03400,04000,04010,01000,02000,02100,03000,03100,03110,03200,03210,03300,03310,03400,04000,04100,01000|
|                          |02000,02100,03000,03100,03110,03200,03210,03300,03310,03400,04000,04010,01000,02000,02100,03000,03100,03110,03200,03210,03300|
|                          |03310,03400,04000,04100,01000,02000,02100,03000,03100,03110,03200,03210,03300,03310,03400,04000,04010,01000,02000,02100,03000|
+--------------------------+-----------------------------------------------------------------------------------------------------------------------------+
|  Step 04 History         |03100,03110,03200,03210,03300,03310,03400,04000,04100,01000,02000,02100,03000,03100,03110,03200,03210,03300,03310,03400,04000|
|                          |04010,01000,02000,02100,03000,03100,03110,03200,03210,03300,03310,03400,04000,04100,01000,
+--------------------------+-----------------------------------------------------------------------------------------------------------------------------+
|  Step 05 Change LastDate |                                                                                                           17/04/20 21:48:16 |
+--------------------------+-----------------------------------------------------------------------------------------------------------------------------+
|  Step 05 before History  |02200,02300,02310,02320,02330,02340,02400,02500,03000,03100,03200,03300,00000,00100,00200,00300,00400,00500,00900,01000,01100|
|                          |02000,02100,02200,02300,02310,02320,02330,02340,02400,02500,03000,03100,03200,03300,00000,00100,00200,00300,00400,00500,00900|
|                          |01000,01100,02000,02100,02200,02300,02310,02320,02330,02340,02400,02500,03000,03100,03200,03300,00000,00100,00200,00300,00400|
+--------------------------+-----------------------------------------------------------------------------------------------------------------------------+
|  Step 05 History         |00500,00900,01000,01100,02000,02100,02200,02300,02310,02320,02330,02340,02400,02500,03000,03100,03200,03300,00000,00100,00200|
|                          |00300,00400,00500,00900,01000,
+--------------------------+-----------------------------------------------------------------------------------------------------------------------------+
|  Step 06 Change LastDate |                                                                                                           17/04/20 21:49:48 |
+--------------------------+-----------------------------------------------------------------------------------------------------------------------------+
|  Step 06 before History  |03400,04000,04100,04200,04300,04400,05000,05100,05200,05300,05400,05500,05600,05700,05800,06000,00500,01000,02000,02100,02200|
|                          |03000,03100,03200,03300,03400,04000,04100,04200,04300,04400,05000,05100,05200,05300,05400,05500,05600,05700,05800,06000,00500|
|                          |01000,02000,02100,02200,03000,03100,03200,03300,03400,04000,04100,04200,04300,04400,05000,05100,05200,05300,05400,05500,05600|
+--------------------------+-----------------------------------------------------------------------------------------------------------------------------+
|  Step 06 History         |05700,05800,06000,00500,
+--------------------------+-----------------------------------------------------------------------------------------------------------------------------+
|  Step 07 Change LastDate |                                                                                                           17/04/20 21:48:45 |
+--------------------------+-----------------------------------------------------------------------------------------------------------------------------+
|  Step 07 before History  |00100,01000,02000,02010,02020,02100,03000,03100,03200,03300,03310,03320,03400,03410,03420,03500,04000,04100,04200,05000,06000|
|                          |00000,00100,01000,02000,02010,02020,02100,03000,03100,03200,03400,03410,03420,04000,04010,04020,04100,04200,05000,06000,00000|
|                          |00100,01000,02000,02010,02020,02100,03000,03100,03200,03300,03310,03320,03400,03410,03420,03500,04000,04100,04200,05000,06000|
+--------------------------+-----------------------------------------------------------------------------------------------------------------------------+
|  Step 07 History         |00000,00100,01000,02000,02010,02020,02100,03000,03100,03200,03400,03410,03420,04000,04010,04020,04100,04200,05000,06000,
+--------------------------+-----------------------------------------------------------------------------------------------------------------------------+
|  Step 08 Change LastDate |                                                                                                           17/04/20 21:48:15 |
+--------------------------+-----------------------------------------------------------------------------------------------------------------------------+
|  Step 08 before History  |00100,01000,02000,02100,03000,03100,03110,03200,03210,03300,03400,04000,04100,04200,05000,06000,06100,06200,06300,00000,00100|
|                          |01000,02000,02100,03000,03100,03110,03200,03210,03300,03400,03500,03510,03520,03530,04000,04100,04200,05000,06000,06100,00000|
|                          |00100,01000,02000,02100,03000,03100,03110,03200,03210,03300,03400,04000,04100,04200,05000,06000,06100,06200,06300,00000,00100|
+--------------------------+-----------------------------------------------------------------------------------------------------------------------------+
|  Step 08 History         |01000,02000,02100,03000,03100,03110,03200,03210,03300,03400,03500,03510,03520,03530,04000,04100,04200,05000,06000,06100,
+--------------------------+-----------------------------------------------------------------------------------------------------------------------------+
|  Step 09 Change LastDate |                                                                                                                             |
+--------------------------+-----------------------------------------------------------------------------------------------------------------------------+
|  Step 09 History         |                                                                                                                             |
+--------------------------+-----------------------------------------------------------------------------------------------------------------------------+
|  Step 10 Change LastDate |                                                                                                           17/04/20 21:49:49 |
+--------------------------+-----------------------------------------------------------------------------------------------------------------------------+
|  Step 10 before History  |01000,01100,02000,02100,02110,02120,02130,02140,02100,02110,02120,02130,02140,02100,02110,02120,02130,02140,02100,02110,02120|
|                          |02130,02140,02100,02110,02120,02130,02140,02100,02110,02120,02200,05000,05100,05000,05100,05000,05100,05000,05100,05000,05100|
|                          |05000,05100,06000,06010,06100,06200,06300,01000,01100,02000,02100,02110,02120,02130,02140,02100,02110,02120,02130,02140,02100|
+--------------------------+-----------------------------------------------------------------------------------------------------------------------------+
|  Step 10 History         |02110,02120,02130,02140,02100,02110,02120,02130,02140,02100,02110,02120,02130,02140,02100,02110,02120,02200,05000,05100,05000|
|                          |05100,05000,05100,05000,05100,05000,05100,05000,09000,09010,09100,00000,00100,00200,00100,00200,00300,00310,00400,01000,01100|
|                          |
+--------------------------+-----------------------------------------------------------------------------------------------------------------------------+
|  Step 11 Change LastDate |                                                                                                           17/04/20 22:40:49 |
+--------------------------+-----------------------------------------------------------------------------------------------------------------------------+
|  Step 11 before History  |01000,01100,01200,01300,01400,01450,01460,03000,03100,05000,05100,05200,03100,04000,04100,02000,02100,02110,02120,02200,02210|
|                          |02220,02230,02240,02250,02260,02270,02280,02300,02310,01000,01100,01200,01300,01400,01500,02000,02100,02110,02120,02200,02210|
|                          |02220,02230,02240,02250,02260,02270,02280,02300,02310,01000,01100,01200,01300,01400,01450,01460,03000,03100,05000,05100,05200|
+--------------------------+-----------------------------------------------------------------------------------------------------------------------------+
|  Step 11 History         |03100,04000,04100,02000,02100,02110,02120,02200,02210,02220,02230,02240,02250,02260,02270,02280,02300,02310,01000,01100,01200|
|                          |01300,01400,01500,02000,02100,02110,02120,02200,02210,02220,02230,02240,02250,02260,02270,02280,02300,02310,01000,01100,01200|
|                          |01300,01400,01450,01460,03000,03100,04000,04100,02000,
+--------------------------+-----------------------------------------------------------------------------------------------------------------------------+
|  Step 12 Change LastDate |                                                                                                           17/04/20 22:40:15 |
+--------------------------+-----------------------------------------------------------------------------------------------------------------------------+
|  Step 12 before History  |04100,05000,00000,00100,00110,01000,01100,02000,02100,03000,03100,04000,04100,05000,00000,00100,00110,01000,01100,02000,02100|
|                          |03000,03100,04000,04100,05000,00000,00100,00110,01000,01100,02000,02100,03000,03100,04000,04100,05000,00000,00100,00110,01000|
|                          |01100,02000,02100,03000,03100,04000,04100,05000,00000,00100,00110,01000,01100,02000,02100,03000,03100,04000,04100,05000,00000|
+--------------------------+-----------------------------------------------------------------------------------------------------------------------------+
|  Step 12 History         |00100,00110,01000,01100,02000,02100,03000,03100,04000,04100,05000,00000,00100,00110,01000,01100,02000,02100,03000,03100,04000|
|                          |04100,05000,00000,00100,00110,01000,01100,02000,02100,03000,03100,04000,04100,05000,00000,00100,00110,01000,01100,02000,02100|
|                          |03000,03100,04000,04100,05000,00000,00100,00110,01000,01100,02000,02100,03000,03100,04000,04100,05000,
+--------------------------+-----------------------------------------------------------------------------------------------------------------------------+
|  Step 13 Change LastDate |                                                                                                           17/04/20 22:40:07 |
+--------------------------+-----------------------------------------------------------------------------------------------------------------------------+
|  Step 13 before History  |01100,02000,02100,03000,03100,04000,04100,05000,00000,00100,01000,01100,02000,02100,03000,03100,04000,04100,05000,00000,00100|
|                          |01000,01100,02000,02100,03000,03100,04000,04100,05000,00000,00100,01000,01100,02000,02100,03000,03100,04000,04100,05000,00000|
|                          |00100,01000,01100,02000,02100,03000,03100,04000,04100,05000,00000,00100,01000,01100,02000,02100,03000,03100,04000,04100,05000|
+--------------------------+-----------------------------------------------------------------------------------------------------------------------------+
|  Step 13 History         |00000,00100,01000,01100,02000,02100,03000,03100,04000,04100,05000,00000,00100,01000,01100,02000,02100,03000,03100,04000,04100|
|                          |05000,00000,00100,01000,01100,02000,02100,03000,03100,04000,04100,05000,
+--------------------------+-----------------------------------------------------------------------------------------------------------------------------+
|  Step 14 Change LastDate |                                                                                                           17/04/20 22:40:22 |
+--------------------------+-----------------------------------------------------------------------------------------------------------------------------+
|  Step 14 before History  |05000,00000,01000,02000,02100,03000,04000,04100,05000,00000,01000,02000,02100,03000,04000,04100,05000,00000,01000,02000,02100|
|                          |03000,04000,04100,05000,00000,01000,02000,02100,03000,04000,04100,05000,00000,01000,02000,02100,03000,04000,04100,05000,00000|
|                          |01000,02000,02100,03000,04000,04100,05000,00000,01000,02000,02100,03000,04000,04100,05000,00000,01000,02000,02100,03000,04000|
+--------------------------+-----------------------------------------------------------------------------------------------------------------------------+
|  Step 14 History         |04100,05000,00000,01000,02000,02100,03000,04000,04100,05000,00000,01000,02000,02100,03000,04000,04100,05000,
+--------------------------+-----------------------------------------------------------------------------------------------------------------------------+
|  Step 15 Change LastDate |                                                                                                           17/04/20 22:40:49 |
+--------------------------+-----------------------------------------------------------------------------------------------------------------------------+
|  Step 15 before History  |00100,03000,03100,03200,03300,06000,00000,00100,01000,01100,01200,01300,01400,06000,00000,00100,01000,03000,03100,03200,03300|
|                          |06000,00000,00100,03000,03100,03200,03300,06000,00000,00100,01000,01100,01200,01300,01400,06000,00000,00100,01000,03000,03100|
|                          |03200,03300,06000,00000,00100,03000,03100,03200,03300,06000,00000,00100,01000,01100,01200,01300,01400,06000,00000,00100,01000|
+--------------------------+-----------------------------------------------------------------------------------------------------------------------------+
|  Step 15 History         |03000,03100,03200,03300,
+--------------------------+-----------------------------------------------------------------------------------------------------------------------------+
|  Step 16 Change LastDate |                                                                                                                             |
+--------------------------+-----------------------------------------------------------------------------------------------------------------------------+
|  Step 16 History         |                                                                                                                             |
+--------------------------+-----------------------------------------------------------------------------------------------------------------------------+
|  Step 17 Change LastDate |                                                                                                           17/04/20 22:40:22 |
+--------------------------+-----------------------------------------------------------------------------------------------------------------------------+
|  Step 17 before History  |01000,01100,02000,00000,01000,01100,02000,00000,01000,01100,02000,00000,01000,01100,02000,00000,01000,01100,02000,00000,01000|
|                          |01100,02000,00000,01000,01100,02000,00000,01000,01100,02000,00000,01000,01100,02000,00000,01000,01100,02000,00000,01000,01100|
|                          |01010,01100,01010,01100,01010,01100,01010,01100,01010,01100,01010,01100,02000,00000,01000,01100,02000,00000,01000,01100,02000|
+--------------------------+-----------------------------------------------------------------------------------------------------------------------------+
|  Step 17 History         |00000,01000,01100,02000,00000,01000,01100,02000,00000,01000,01100,02000,00000,01000,01100,02000,00000,01000,01100,02000,00000|
|                          |01000,01100,02000,00000,01000,01100,02000,00000,01000,01100,02000,00000,01000,01100,02000,00000,01000,01100,02000,00000,01000|
|                          |01100,02000,00000,01000,01100,02000,00000,01000,01100,02000,00000,01000,
+--------------------------+-----------------------------------------------------------------------------------------------------------------------------+
|  Step 18 Change LastDate |                                                                                                                             |
+--------------------------+-----------------------------------------------------------------------------------------------------------------------------+
|  Step 18 History         |                                                                                                                             |
+--------------------------+-----------------------------------------------------------------------------------------------------------------------------+
|  Step 19 Change LastDate |                                                                                                           17/04/20 22:40:52 |
+--------------------------+-----------------------------------------------------------------------------------------------------------------------------+
|  Step 19 before History  |03400,03410,03420,03500,03600,01000,03000,03100,03110,03120,03200,03300,03310,03320,03400,03410,03420,03500,03600,01000,01100|
|                          |01110,01120,02000,02010,02100,02200,02210,02300,02310,02320,02330,02400,02410,02420,02500,02000,02100,02200,02210,02300,02310|
|                          |02320,02330,02400,02410,02420,02500,02000,02100,02200,02210,02300,02310,02320,02330,02400,02410,02420,02500,02550,02600,02610|
+--------------------------+-----------------------------------------------------------------------------------------------------------------------------+
|  Step 19 History         |02620,02700,02710,01000,03000,03100,03110,03120,
+--------------------------+-----------------------------------------------------------------------------------------------------------------------------+
|  Step 20 Change LastDate |                                                                                                                             |
+--------------------------+-----------------------------------------------------------------------------------------------------------------------------+
|  Step 20 History         |                                                                                                                             |
+--------------------------+-----------------------------------------------------------------------------------------------------------------------------+
|  Step 21 Change LastDate |                                                                                                           17/04/20 22:40:49 |
+--------------------------+-----------------------------------------------------------------------------------------------------------------------------+
|  Step 21 before History  |00200,00100,00200,00100,00200,00100,00200,00100,00200,00100,00200,00100,00200,00100,00200,00100,00200,00100,00200,00100,00200|
|                          |00100,00200,00100,00200,00100,00200,00100,00200,00100,00200,00100,00200,00100,00200,00100,00200,00100,00200,00100,00200,00100|
|                          |00200,00100,00200,00100,00200,00100,00200,00100,00200,00100,00200,00100,00200,00100,00200,00100,00200,00100,01000,01100,01200|
+--------------------------+-----------------------------------------------------------------------------------------------------------------------------+
|  Step 21 History         |02000,00000,00100,01000,01100,01200,02000,00000,00100,01000,01100,01200,02000,00000,00100,01000,01100,01200,02000,00000,00100|
|                          |01000,01100,01200,02000,00000,00100,01000,01100,
+--------------------------+-----------------------------------------------------------------------------------------------------------------------------+
|  Step 22 Change LastDate |                                                                                                           17/04/20 22:02:42 |
+--------------------------+-----------------------------------------------------------------------------------------------------------------------------+
|  Step 22 before History  |01510,01600,01700,02000,02100,02200,02300,02310,02400,02500,02600,02000,02100,02200,02300,02310,02400,02500,02600,02000,02100|
|                          |02200,02300,02310,02400,02500,02600,02000,02100,02200,02300,02310,02400,02500,02600,03000,00000,00100,01000,01100,01200,01210|
|                          |01300,01400,01500,01510,01600,01700,01000,01100,01200,01210,01300,01400,01500,01510,01600,01700,02000,02100,02200,02300,02310|
+--------------------------+-----------------------------------------------------------------------------------------------------------------------------+
|  Step 22 History         |02400,02500,02600,02000,02100,02200,02300,02310,02400,02500,02600,02000,02100,02200,02300,02310,02400,02500,02600,02000,02100|
|                          |02200,02300,02310,02400,02500,02600,03000,
+--------------------------+-----------------------------------------------------------------------------------------------------------------------------+
|  Step 23 Change LastDate |                                                                                                           17/04/20 22:40:50 |
+--------------------------+-----------------------------------------------------------------------------------------------------------------------------+
|  Step 23 before History  |05200,05300,05310,05400,05500,05510,05600,05200,05300,05310,05400,05500,05510,05600,05700,06000,06100,06200,00000,00100,00110|
|                          |00200,00210,00300,01000,01100,01200,01210,00000,00100,00110,00200,00210,00300,01000,01100,01200,01210,00000,00100,00110,00200|
|                          |00210,00300,01000,01100,01200,01210,00000,00100,00110,00200,00210,00300,01000,01100,01200,01210,00000,00100,00110,00200,00210|
+--------------------------+-----------------------------------------------------------------------------------------------------------------------------+
|  Step 23 History         |00300,01000,01100,
+--------------------------+-----------------------------------------------------------------------------------------------------------------------------+
|  Step 24 Change LastDate |                                                                                                           17/04/20 22:21:58 |
+--------------------------+-----------------------------------------------------------------------------------------------------------------------------+
|  Step 24 before History  |00000,01000,01100,01200,02000,02200,03000,04000,00000,01000,01100,01200,02000,02200,03000,04000,00000,01000,01100,01200,02000|
|                          |02200,03000,04000,00000,01000,01100,01200,02000,02200,03000,04000,00000,01000,01100,01200,02000,02200,03000,04000,00000,01000|
|                          |01100,01200,02000,02200,03000,04000,00000,01000,01100,01200,02000,02200,03000,04000,00000,01000,01100,01200,02000,02200,03000|
+--------------------------+-----------------------------------------------------------------------------------------------------------------------------+
|  Step 24 History         |04000,00000,01000,01100,01200,02000,02200,03000,04000,00000,01000,01100,01200,02000,02200,03000,04000,00000,01000,01100,01200|
|                          |02000,02200,03000,04000,00000,01000,01100,01200,02000,02200,03000,04000,
+--------------------------+-----------------------------------------------------------------------------------------------------------------------------+
|  Step 25 Change LastDate |                                                                                                           17/04/20 22:27:44 |
+--------------------------+-----------------------------------------------------------------------------------------------------------------------------+
|  Step 25 before History  |01000,01010,01100,01200,02000,02100,02200,02300,03000,03100,03110,03120,03200,04000,04100,04210,04300,04400,01000,01010,01100|
|                          |01200,02000,02100,02200,02300,03000,03100,03110,03120,03200,04000,04100,04210,04300,04900,05000,01000,01010,01100,01200,02000|
|                          |02100,02200,02300,03000,03100,03110,03120,03200,04000,04100,04200,04210,04300,04400,01000,01010,01100,02000,02100,02510,01000|
+--------------------------+-----------------------------------------------------------------------------------------------------------------------------+
|  Step 25 History         |01010,01100,03100,03110,03120,03200,04000,04100,04210,04300,04400,01000,05000,01000,
+--------------------------+-----------------------------------------------------------------------------------------------------------------------------+
|  Step 26 Change LastDate |                                                                                                           17/04/20 22:04:25 |
+--------------------------+-----------------------------------------------------------------------------------------------------------------------------+
|  Step 26 before History  |03000,03100,03200,03300,03400,04000,04100,00000,00100,01000,01100,01110,01200,01300,01310,02000,02100,02200,02300,03000,03100|
|                          |03200,03300,03400,04000,04100,00000,00100,01000,01100,01110,01200,01300,01310,02000,02100,02200,02300,03000,03100,03200,03300|
|                          |03400,04000,04100,00000,00100,01000,01100,01110,01200,01300,01310,02000,02100,02200,02300,03000,03100,03200,03300,03400,04000|
+--------------------------+-----------------------------------------------------------------------------------------------------------------------------+
|  Step 26 History         |04100,00000,00100,01000,01100,
+--------------------------+-----------------------------------------------------------------------------------------------------------------------------+
|  Step 27 Change LastDate |                                                                                                           17/04/20 22:21:51 |
+--------------------------+-----------------------------------------------------------------------------------------------------------------------------+
|  Step 27 before History  |02000,02100,02110,02120,02130,02200,02210,02220,02230,02240,02250,02260,02300,02310,02320,02400,02500,02600,02610,02900,05000|
|                          |00000,01000,01100,01200,02000,02100,02110,02120,02130,02200,02210,02220,02230,02240,02250,02260,02300,02310,02320,02400,02500|
|                          |02600,02610,02900,05000,00000,01000,01100,01200,02000,02100,02110,02120,02130,02200,02210,02220,02230,02240,02250,02260,02300|
+--------------------------+-----------------------------------------------------------------------------------------------------------------------------+
|  Step 27 History         |02310,02320,02400,02500,02600,02610,02900,05000,00000,01000,01100,01200,02000,02100,02110,02120,02130,02200,02210,02220,02230|
|                          |02240,02250,02260,02300,02310,02320,02400,02500,02600,02610,02900,05000,00000,01000,01100,01200,02000,02100,02110,02120,02130|
|                          |02200,02210,02220,02230,02240,02250,02260,02300,02310,02320,02400,02500,02600,02610,02900,05000,00000,01000,01100,
+--------------------------+-----------------------------------------------------------------------------------------------------------------------------+
|  Step 28 Change LastDate |                                                                                                           17/04/20 22:22:13 |
+--------------------------+-----------------------------------------------------------------------------------------------------------------------------+
|  Step 28 before History  |01000,00000,00100,00200,01000,00000,00100,00200,01000,00000,00100,00200,01000,00000,00100,00200,01000,00000,00100,00200,01000|
|                          |00000,00100,00200,01000,00000,00100,00200,01000,00000,00100,00200,01000,00000,00100,00200,01000,00000,00100,00200,01000,00000|
|                          |00100,00200,01000,00000,00100,00200,01000,02000,03000,03100,03200,03300,03400,03300,03400,03300,03400,03300,03500,03600,03700|
+--------------------------+-----------------------------------------------------------------------------------------------------------------------------+
|  Step 28 History         |03600,03700,03600,03700,03600,03800,03810,03820,03900,04000,04010,04020,04100,05000,06000,
+--------------------------+-----------------------------------------------------------------------------------------------------------------------------+
|  Step 29 Change LastDate |                                                                                                           17/04/20 22:21:46 |
+--------------------------+-----------------------------------------------------------------------------------------------------------------------------+
|  Step 29 before History  |00000,00100,00200,01000,01500,02000,02950,02960,03000,03100,03110,03200,03210,03300,04000,04100,04110,05000,06000,00000,00100|
|                          |00200,01000,01500,02000,02950,02970,03000,03100,03300,03400,03410,03420,03500,03510,03520,03800,03900,05000,06000,00000,00100|
|                          |00200,01000,01500,02000,02950,02960,03000,03100,03110,03200,03210,03300,04000,04100,04110,05000,06000,00000,00100,00200,01000|
+--------------------------+-----------------------------------------------------------------------------------------------------------------------------+
|  Step 29 History         |01500,02000,02950,02970,03000,03100,03300,03400,03410,03420,03500,03510,03520,03800,03900,05000,06000,00000,00100,00200,01000|
|                          |01500,02000,02950,02970,03000,02000,02950,02970,03000,03100,03300,03400,03410,03420,03500,03510,03520,03800,03900,05000,06000|
|                          |
+--------------------------+-----------------------------------------------------------------------------------------------------------------------------+
|  Step 30 Change LastDate |                                                                                                           17/04/20 22:39:16 |
+--------------------------+-----------------------------------------------------------------------------------------------------------------------------+
|  Step 30 before History  |03000,03100,00000,00200,01000,01100,01200,01300,02000,02100,03000,03100,01200,01300,02000,02100,03000,03100,01200,01300,02000|
|                          |02100,03000,03100,00000,00200,01000,01100,01200,01300,02000,02100,03000,03100,01200,01300,02000,02100,03000,03100,01200,01300|
|                          |02000,02100,03000,03100,00000,00200,01000,01100,01200,01300,02000,02100,03000,03100,01200,01300,02000,02100,03000,03100,01200|
+--------------------------+-----------------------------------------------------------------------------------------------------------------------------+
|  Step 30 History         |01300,02000,02100,03000,03100,00000,00200,01000,01100,
+--------------------------+-----------------------------------------------------------------------------------------------------------------------------+
|  Step 31 Change LastDate |                                                                                                           17/04/20 22:39:04 |
+--------------------------+-----------------------------------------------------------------------------------------------------------------------------+
|  Step 31 before History  |02100,02200,03000,03100,03110,03200,03210,03300,03400,04000,04100,05000,06000,00000,00100,01000,01500,01600,02000,02100,02200|
|                          |03000,03100,03110,03200,03210,03300,03400,04000,04100,05000,06000,00000,00100,01000,01500,01600,02000,02100,02200,03000,03100|
|                          |03110,03200,03210,03300,03400,04000,04100,05000,06000,00000,00100,01000,01500,01600,02000,02100,02200,03000,03100,03110,03200|
+--------------------------+-----------------------------------------------------------------------------------------------------------------------------+
|  Step 31 History         |03210,03300,03400,04000,04100,05000,06000,00000,00100,01000,01500,01600,02000,02100,02200,03000,03100,03110,03200,03210,03300|
|                          |03400,04000,04100,05000,06000,
+--------------------------+-----------------------------------------------------------------------------------------------------------------------------+
|  Step 32 Change LastDate |                                                                                                           17/04/20 22:39:14 |
+--------------------------+-----------------------------------------------------------------------------------------------------------------------------+
|  Step 32 before History  |02100,02200,03000,03100,03200,03300,03310,03320,04000,04010,04020,04100,04200,05000,06000,00000,00100,01000,02000,02100,02200|
|                          |03000,03100,03200,03300,03310,03320,04000,04010,04020,04100,04200,05000,06000,00000,00100,01000,02000,02100,02200,03000,03100|
|                          |03200,03300,03310,03320,04000,04010,04020,04100,04200,05000,06000,00000,00100,01000,02000,02100,02200,03000,03100,03200,03300|
+--------------------------+-----------------------------------------------------------------------------------------------------------------------------+
|  Step 32 History         |03310,03320,04000,04010,04020,04100,04200,05000,06000,00000,00100,01000,02000,02100,02200,03000,03100,03200,03300,03310,03320|
|                          |04000,04010,04020,04100,04200,05000,06000,00000,00100,01000,02000,02100,02200,03000,03100,03200,03300,03310,03320,04000,04010|
|                          |04020,04100,04200,05000,06000,
+--------------------------+-----------------------------------------------------------------------------------------------------------------------------+
|  Step 33 Change LastDate |                                                                                                           17/04/20 22:39:16 |
+--------------------------+-----------------------------------------------------------------------------------------------------------------------------+
|  Step 33 before History  |01000,03000,03100,00000,00100,01000,04000,04200,04210,04000,06000,00000,00100,01000,05000,05600,05700,05800,06000,00000,00100|
|                          |01000,03000,03100,00000,00100,01000,03000,03100,00000,00100,01000,04000,04200,04210,04000,06000,00000,00100,01000,05000,05600|
|                          |05700,05800,06000,00000,00100,01000,03000,03100,00000,00100,01000,04000,04200,04210,04000,06000,00000,00100,01000,05000,05600|
+--------------------------+-----------------------------------------------------------------------------------------------------------------------------+
|  Step 33 History         |05700,05800,06000,00000,00100,01000,03000,03100,00000,00100,01000,04000,04200,04210,04000,06000,00000,00100,01000,05000,05600|
|                          |05700,05800,06000,00000,00100,01000,03000,03100,00000,00100,01000,03000,03100,
+--------------------------+-----------------------------------------------------------------------------------------------------------------------------+
|  Step 34 Change LastDate |                                                                                                                             |
+--------------------------+-----------------------------------------------------------------------------------------------------------------------------+
|  Step 34 History         |                                                                                                                             |
+--------------------------+-----------------------------------------------------------------------------------------------------------------------------+
|  Step 35 Change LastDate |                                                                                                                             |
+--------------------------+-----------------------------------------------------------------------------------------------------------------------------+
|  Step 35 History         |                                                                                                                             |
+--------------------------+-----------------------------------------------------------------------------------------------------------------------------+
|  Step 36 Change LastDate |                                                                                                                             |
+--------------------------+-----------------------------------------------------------------------------------------------------------------------------+
|  Step 36 History         |                                                                                                                             |
+--------------------------+-----------------------------------------------------------------------------------------------------------------------------+
|  Step 37 Change LastDate |                                                                                                                             |
+--------------------------+-----------------------------------------------------------------------------------------------------------------------------+
|  Step 37 History         |                                                                                                                             |
+--------------------------+-----------------------------------------------------------------------------------------------------------------------------+
|  Step 38 Change LastDate |                                                                                                                             |
+--------------------------+-----------------------------------------------------------------------------------------------------------------------------+
|  Step 38 History         |                                                                                                                             |
+--------------------------+-----------------------------------------------------------------------------------------------------------------------------+
|  Step 39 Change LastDate |                                                                                                                             |
+--------------------------+-----------------------------------------------------------------------------------------------------------------------------+
|  Step 39 History         |                                                                                                                             |
+--------------------------+-----------------------------------------------------------------------------------------------------------------------------+
|  Step 40 Change LastDate |                                                                                                                             |
+--------------------------+-----------------------------------------------------------------------------------------------------------------------------+
|  Step 40 History         |                                                                                                                             |
+--------------------------+-----------------------------------------------------------------------------------------------------------------------------+
|  Step 41 Change LastDate |                                                                                                           17/04/20 21:33:28 |
+--------------------------+-----------------------------------------------------------------------------------------------------------------------------+
|  Step 41 before History  |06100,07000,01000,02000,02100,02200,02210,02300,02400,02500,00000,01000,06000,06100,07000,01000,02000,02100,02200,02210,02300|
|                          |02400,02500,00000,01000,06000,06100,07000,01000,02000,02100,02200,02210,02300,02400,02500,00000,01000,06000,06100,07000,01000|
|                          |02000,02100,02200,02210,02300,02400,02500,00000,01000,06000,06100,07000,01000,02000,02100,02200,02210,02300,02400,02500,00000|
+--------------------------+-----------------------------------------------------------------------------------------------------------------------------+
|  Step 41 History         |01000,06000,06100,07000,01000,02000,02100,02200,02210,02300,02400,02500,00000,01000,06000,06100,07000,01000,02000,02100,02200|
|                          |02210,02300,02400,02500,00000,01000,06000,06100,07000,01000,02000,02100,02200,02210,02300,02400,02500,00000,01000,06000,06100|
|                          |07000,01000,02000,02100,02200,02210,02300,02400,02500,
+--------------------------+-----------------------------------------------------------------------------------------------------------------------------+
|  Step 42 Change LastDate |                                                                                                           17/04/20 21:33:19 |
+--------------------------+-----------------------------------------------------------------------------------------------------------------------------+
|  Step 42 before History  |01000,02000,02100,02200,02210,02300,02400,02500,00000,01000,06000,06100,07000,01000,02000,02100,02200,02210,02300,02400,02500|
|                          |00000,01000,06000,06100,07000,01000,02000,02100,02200,02210,02300,02400,02500,00000,01000,06000,06100,07000,01000,02000,02100|
|                          |02200,02210,02300,02400,02500,00000,01000,06000,06100,07000,01000,02000,02100,02200,02210,02300,02400,02500,00000,01000,06000|
+--------------------------+-----------------------------------------------------------------------------------------------------------------------------+
|  Step 42 History         |06100,07000,01000,02000,02100,02200,02210,02300,02400,02500,
+--------------------------+-----------------------------------------------------------------------------------------------------------------------------+
|  Step 43 Change LastDate |                                                                                                                             |
+--------------------------+-----------------------------------------------------------------------------------------------------------------------------+
|  Step 43 History         |                                                                                                                             |
+--------------------------+-----------------------------------------------------------------------------------------------------------------------------+
|  Step 44 Change LastDate |                                                                                                                             |
+--------------------------+-----------------------------------------------------------------------------------------------------------------------------+
|  Step 44 History         |                                                                                                                             |
+--------------------------+-----------------------------------------------------------------------------------------------------------------------------+
|  Step 45 Change LastDate |                                                                                                                             |
+--------------------------+-----------------------------------------------------------------------------------------------------------------------------+
|  Step 45 History         |                                                                                                                             |
+--------------------------+-----------------------------------------------------------------------------------------------------------------------------+
|  Step 46 Change LastDate |                                                                                                                             |
+--------------------------+-----------------------------------------------------------------------------------------------------------------------------+
|  Step 46 History         |                                                                                                                             |
+--------------------------+-----------------------------------------------------------------------------------------------------------------------------+
|  Step 47 Change LastDate |                                                                                                                             |
+--------------------------+-----------------------------------------------------------------------------------------------------------------------------+
|  Step 47 History         |                                                                                                                             |
+--------------------------+-----------------------------------------------------------------------------------------------------------------------------+
|  Step 48 Change LastDate |                                                                                                                             |
+--------------------------+-----------------------------------------------------------------------------------------------------------------------------+
|  Step 48 History         |                                                                                                                             |
+--------------------------+-----------------------------------------------------------------------------------------------------------------------------+
|  Step 49 Change LastDate |                                                                                                                             |
+--------------------------+-----------------------------------------------------------------------------------------------------------------------------+
|  Step 49 History         |                                                                                                                             |
+--------------------------+-----------------------------------------------------------------------------------------------------------------------------+
|  Step 50 Change LastDate |                                                                                                                             |
+--------------------------+-----------------------------------------------------------------------------------------------------------------------------+
|  Step 50 History         |                                                                                                                             |
+--------------------------+-----------------------------------------------------------------------------------------------------------------------------+
|  Step 51 Change LastDate |                                                                                                                             |
+--------------------------+-----------------------------------------------------------------------------------------------------------------------------+
|  Step 51 History         |                                                                                                                             |
+--------------------------+-----------------------------------------------------------------------------------------------------------------------------+
|  Step 52 Change LastDate |                                                                                                                             |
+--------------------------+-----------------------------------------------------------------------------------------------------------------------------+
|  Step 52 History         |                                                                                                                             |
+--------------------------+-----------------------------------------------------------------------------------------------------------------------------+
|  Step 53 Change LastDate |                                                                                                                             |
+--------------------------+-----------------------------------------------------------------------------------------------------------------------------+
|  Step 53 History         |                                                                                                                             |
+--------------------------+-----------------------------------------------------------------------------------------------------------------------------+
|  Step 54 Change LastDate |                                                                                                                             |
+--------------------------+-----------------------------------------------------------------------------------------------------------------------------+
|  Step 54 History         |                                                                                                                             |
+--------------------------+-----------------------------------------------------------------------------------------------------------------------------+
|  Step 55 Change LastDate |                                                                                                                             |
+--------------------------+-----------------------------------------------------------------------------------------------------------------------------+
|  Step 55 History         |                                                                                                                             |
+--------------------------+-----------------------------------------------------------------------------------------------------------------------------+
|  Step 56 Change LastDate |                                                                                                                             |
+--------------------------+-----------------------------------------------------------------------------------------------------------------------------+
|  Step 56 History         |                                                                                                                             |
+--------------------------+-----------------------------------------------------------------------------------------------------------------------------+
|  Step 57 Change LastDate |                                                                                                                             |
+--------------------------+-----------------------------------------------------------------------------------------------------------------------------+
|  Step 57 History         |                                                                                                                             |
+--------------------------+-----------------------------------------------------------------------------------------------------------------------------+
|  Step 58 Change LastDate |                                                                                                                             |
+--------------------------+-----------------------------------------------------------------------------------------------------------------------------+
|  Step 58 History         |                                                                                                                             |
+--------------------------+-----------------------------------------------------------------------------------------------------------------------------+
|  Step 59 Change LastDate |                                                                                                                             |
+--------------------------+-----------------------------------------------------------------------------------------------------------------------------+
|  Step 59 History         |                                                                                                                             |
+--------------------------+-----------------------------------------------------------------------------------------------------------------------------+
|  Step 60 Change LastDate |                                                                                                                             |
+--------------------------+-----------------------------------------------------------------------------------------------------------------------------+
|  Step 60 History         |                                                                                                                             |
+--------------------------+-----------------------------------------------------------------------------------------------------------------------------+
|  Step 61 Change LastDate |                                                                                                                             |
+--------------------------+-----------------------------------------------------------------------------------------------------------------------------+
|  Step 61 History         |                                                                                                                             |
+--------------------------+-----------------------------------------------------------------------------------------------------------------------------+
|  Step 62 Change LastDate |                                                                                                                             |
+--------------------------+-----------------------------------------------------------------------------------------------------------------------------+
|  Step 62 History         |                                                                                                                             |
+--------------------------+-----------------------------------------------------------------------------------------------------------------------------+
|  Step 63 Change LastDate |                                                                                                                             |
+--------------------------+-----------------------------------------------------------------------------------------------------------------------------+
|  Step 63 History         |                                                                                                                             |
+--------------------------+-----------------------------------------------------------------------------------------------------------------------------+
|  Step 64 Change LastDate |                                                                                                                             |
+--------------------------+-----------------------------------------------------------------------------------------------------------------------------+
|  Step 64 History         |                                                                                                                             |
+--------------------------+-----------------------------------------------------------------------------------------------------------------------------+
|  Step 65 Change LastDate |                                                                                                                             |
+--------------------------+-----------------------------------------------------------------------------------------------------------------------------+
|  Step 65 History         |                                                                                                                             |
+--------------------------+-----------------------------------------------------------------------------------------------------------------------------+
|  Step 66 Change LastDate |                                                                                                                             |
+--------------------------+-----------------------------------------------------------------------------------------------------------------------------+
|  Step 66 History         |                                                                                                                             |
+--------------------------+-----------------------------------------------------------------------------------------------------------------------------+
|  Step 67 Change LastDate |                                                                                                                             |
+--------------------------+-----------------------------------------------------------------------------------------------------------------------------+
|  Step 67 History         |                                                                                                                             |
+--------------------------+-----------------------------------------------------------------------------------------------------------------------------+
|  Step 68 Change LastDate |                                                                                                                             |
+--------------------------+-----------------------------------------------------------------------------------------------------------------------------+
|  Step 68 History         |                                                                                                                             |
+--------------------------+-----------------------------------------------------------------------------------------------------------------------------+
|  Step 69 Change LastDate |                                                                                                                             |
+--------------------------+-----------------------------------------------------------------------------------------------------------------------------+
|  Step 69 History         |                                                                                                                             |
+--------------------------+-----------------------------------------------------------------------------------------------------------------------------+
|  Step 70 Change LastDate |                                                                                                                             |
+--------------------------+-----------------------------------------------------------------------------------------------------------------------------+
|  Step 70 History         |                                                                                                                             |
+--------------------------+-----------------------------------------------------------------------------------------------------------------------------+
|  Step 71 Change LastDate |                                                                                                                             |
+--------------------------+-----------------------------------------------------------------------------------------------------------------------------+
|  Step 71 History         |                                                                                                                             |
+--------------------------+-----------------------------------------------------------------------------------------------------------------------------+
|  Step 72 Change LastDate |                                                                                                                             |
+--------------------------+-----------------------------------------------------------------------------------------------------------------------------+
|  Step 72 History         |                                                                                                                             |
+--------------------------+-----------------------------------------------------------------------------------------------------------------------------+
|  Step 73 Change LastDate |                                                                                                                             |
+--------------------------+-----------------------------------------------------------------------------------------------------------------------------+
|  Step 73 History         |                                                                                                                             |
+--------------------------+-----------------------------------------------------------------------------------------------------------------------------+
|  Step 74 Change LastDate |                                                                                                                             |
+--------------------------+-----------------------------------------------------------------------------------------------------------------------------+
|  Step 74 History         |                                                                                                                             |
+--------------------------+-----------------------------------------------------------------------------------------------------------------------------+
|  Step 75 Change LastDate |                                                                                                                             |
+--------------------------+-----------------------------------------------------------------------------------------------------------------------------+
|  Step 75 History         |                                                                                                                             |
+--------------------------+-----------------------------------------------------------------------------------------------------------------------------+
|  Step 76 Change LastDate |                                                                                                                             |
+--------------------------+-----------------------------------------------------------------------------------------------------------------------------+
|  Step 76 History         |                                                                                                                             |
+--------------------------+-----------------------------------------------------------------------------------------------------------------------------+
|  Step 77 Change LastDate |                                                                                                                             |
+--------------------------+-----------------------------------------------------------------------------------------------------------------------------+
|  Step 77 History         |                                                                                                                             |
+--------------------------+-----------------------------------------------------------------------------------------------------------------------------+
|  Step 78 Change LastDate |                                                                                                                             |
+--------------------------+-----------------------------------------------------------------------------------------------------------------------------+
|  Step 78 History         |                                                                                                                             |
+--------------------------+-----------------------------------------------------------------------------------------------------------------------------+
|  Step 79 Change LastDate |                                                                                                                             |
+--------------------------+-----------------------------------------------------------------------------------------------------------------------------+
|  Step 79 History         |                                                                                                                             |
+--------------------------+-----------------------------------------------------------------------------------------------------------------------------+
|  Step 80 Change LastDate |                                                                                                                             |
+--------------------------+-----------------------------------------------------------------------------------------------------------------------------+
|  Step 80 History         |                                                                                                                             |
+--------------------------+-----------------------------------------------------------------------------------------------------------------------------+
|  Step 81 Change LastDate |                                                                                                                             |
+--------------------------+-----------------------------------------------------------------------------------------------------------------------------+
|  Step 81 History         |                                                                                                                             |
+--------------------------+-----------------------------------------------------------------------------------------------------------------------------+
|  Step 82 Change LastDate |                                                                                                                             |
+--------------------------+-----------------------------------------------------------------------------------------------------------------------------+
|  Step 82 History         |                                                                                                                             |
+--------------------------+-----------------------------------------------------------------------------------------------------------------------------+
|  Step 83 Change LastDate |                                                                                                                             |
+--------------------------+-----------------------------------------------------------------------------------------------------------------------------+
|  Step 83 History         |                                                                                                                             |
+--------------------------+-----------------------------------------------------------------------------------------------------------------------------+
|  Step 84 Change LastDate |                                                                                                                             |
+--------------------------+-----------------------------------------------------------------------------------------------------------------------------+
|  Step 84 History         |                                                                                                                             |
+--------------------------+-----------------------------------------------------------------------------------------------------------------------------+
|  Step 85 Change LastDate |                                                                                                                             |
+--------------------------+-----------------------------------------------------------------------------------------------------------------------------+
|  Step 85 History         |                                                                                                                             |
+--------------------------+-----------------------------------------------------------------------------------------------------------------------------+
|  Step 86 Change LastDate |                                                                                                                             |
+--------------------------+-----------------------------------------------------------------------------------------------------------------------------+
|  Step 86 History         |                                                                                                                             |
+--------------------------+-----------------------------------------------------------------------------------------------------------------------------+
+--------------------------+-----------------------------------------------------------------------------------------------------------------------------+
